start=872.327035
volume=120.000000
