start=435.420362
volume=120.000000
