start=157.431064
volume=86.000000
sid=1
