start=21.133000
volume=120.000000
