start=1603.900000
volume=86.000000
