start=7.493000
volume=120.000000
