start=123.500000
volume=120.000000
