start=1412.748241
volume=86.000000
