start=23.939543
volume=86.000000
