start=23.428934
volume=58.000000
vid=1
sid=no
