start=7.126054
volume=86.000000
vid=no
sid=1
