start=157.385665
vid=1
sid=1
sub-pos=101.000000
