start=43.630047
volume=58.000000
