start=9.966667
volume=120.000000
