start=76.400000
vid=1
sid=1
sub-pos=101.000000
sub-visibility=no
