start=414.963573
volume=120.000000
