start=35.317317
volume=58.000000
