start=157.431053
volume=86.000000
vid=no
sid=1
