start=147.640000
volume=86.000000
