start=66.653296
volume=120.000000
