start=36.500000
volume=120.000000
