start=21.083719
volume=58.000000
