start=50.600000
volume=58.000000
