start=12.725333
volume=120.000000
