start=15.480000
volume=120.000000
