start=20.9286
volume=86.000000
vid=no
sid=1
sub-pos=101.000000
