start=36.503000
volume=58.000000
