start=17.808000
volume=120.000000
