start=27.631500
volume=58.000000
